    # Step        E_Field           E_PP     E_Coupling        E_Total
         1  -3.666752E+01   0.000000E+00   8.604216E+01   4.937464E+01
     10000  -1.453081E+01   0.000000E+00   3.290173E-01  -1.420179E+01
     20000  -3.104901E+01   0.000000E+00   3.035675E-01  -3.074544E+01
     30000  -3.848873E+01   0.000000E+00   1.625764E-01  -3.832615E+01
     40000  -4.009997E+01   0.000000E+00   3.140475E-01  -3.978592E+01
     50000  -4.439019E+01   0.000000E+00   2.554026E-01  -4.413478E+01
     60000  -4.848571E+01   0.000000E+00   1.991347E-01  -4.828658E+01
     70000  -4.866764E+01   9.460115E-02   2.638736E-01  -4.830917E+01
     80000  -4.833108E+01   0.000000E+00   3.785730E-01  -4.795251E+01
     90000  -4.883060E+01   0.000000E+00   1.971226E-01  -4.863348E+01
    100000  -4.843104E+01   0.000000E+00   2.914653E-01  -4.813957E+01
    110000  -4.804123E+01   1.593963E-01   2.651077E-01  -4.761673E+01
    120000  -4.852920E+01   0.000000E+00   3.380385E-01  -4.819116E+01
    130000  -4.821039E+01   0.000000E+00   3.270577E-01  -4.788334E+01
    140000  -4.905941E+01   3.975234E-03   1.524010E-01  -4.890303E+01
    150000  -4.862490E+01   0.000000E+00   2.283440E-01  -4.839655E+01
    160000  -4.844430E+01   0.000000E+00   3.019666E-01  -4.814233E+01
    170000  -4.858247E+01   0.000000E+00   3.512981E-01  -4.823117E+01
    180000  -4.865602E+01   0.000000E+00   1.938608E-01  -4.846216E+01
    190000  -4.856499E+01   0.000000E+00   2.759442E-01  -4.828905E+01
    200000  -4.825726E+01   1.863306E-01   2.880911E-01  -4.778284E+01
    210000  -4.906512E+01   0.000000E+00   1.833598E-01  -4.888176E+01
    220000  -4.813007E+01   0.000000E+00   4.208924E-01  -4.770918E+01
    230000  -4.855816E+01   0.000000E+00   3.145048E-01  -4.824365E+01
    240000  -4.884555E+01   1.940742E-01   2.250450E-01  -4.842643E+01
    250000  -4.810670E+01   2.010447E-02   2.405045E-01  -4.784609E+01
    260000  -4.826487E+01   0.000000E+00   2.020909E-01  -4.806278E+01
    270000  -4.903193E+01   0.000000E+00   2.056929E-01  -4.882624E+01
    280000  -4.806306E+01   0.000000E+00   2.705430E-01  -4.779251E+01
    290000  -4.868528E+01   0.000000E+00   2.126463E-01  -4.847263E+01
    300000  -4.810219E+01   0.000000E+00   2.310766E-01  -4.787112E+01
    310000  -4.824713E+01   0.000000E+00   2.584786E-01  -4.798865E+01
    320000  -4.864810E+01   0.000000E+00   2.413765E-01  -4.840673E+01
    330000  -4.854766E+01   0.000000E+00   1.665901E-01  -4.838107E+01
    340000  -4.885363E+01   4.744281E-02   1.254373E-01  -4.868075E+01
    350000  -4.863636E+01   0.000000E+00   3.082755E-01  -4.832808E+01
    360000  -4.838391E+01   0.000000E+00   2.458529E-01  -4.813805E+01
    370000  -4.822309E+01   0.000000E+00   2.068357E-01  -4.801625E+01
    380000  -4.851766E+01   0.000000E+00   2.465659E-01  -4.827109E+01
    390000  -4.810966E+01   0.000000E+00   3.696076E-01  -4.774006E+01
    400000  -4.888654E+01   0.000000E+00   1.603630E-01  -4.872618E+01
    410000  -4.793362E+01   0.000000E+00   3.504291E-01  -4.758319E+01
    420000  -4.846818E+01   1.984116E-01   2.377845E-01  -4.803199E+01
    430000  -4.836506E+01   0.000000E+00   3.056852E-01  -4.805938E+01
    440000  -4.881885E+01   6.137795E-02   2.326968E-01  -4.852477E+01
    450000  -4.812653E+01   0.000000E+00   3.280126E-01  -4.779851E+01
    460000  -4.836049E+01   0.000000E+00   3.040215E-01  -4.805647E+01
    470000  -4.847616E+01   0.000000E+00   2.442200E-01  -4.823194E+01
    480000  -4.872837E+01   0.000000E+00   1.648574E-01  -4.856352E+01
    490000  -4.781346E+01   0.000000E+00   5.176789E-01  -4.729578E+01
    500000  -4.827177E+01   1.862447E-03   3.138547E-01  -4.795605E+01
    510000  -4.828764E+01   0.000000E+00   3.044298E-01  -4.798321E+01
    520000  -4.835118E+01   0.000000E+00   2.038099E-01  -4.814737E+01
    530000  -4.848166E+01   0.000000E+00   2.858006E-01  -4.819586E+01
    540000  -4.849632E+01   0.000000E+00   3.512689E-01  -4.814505E+01
    550000  -4.822536E+01   4.098868E-03   2.046869E-01  -4.801658E+01
    560000  -4.860203E+01   0.000000E+00   2.163287E-01  -4.838570E+01
    570000  -4.862585E+01   1.084068E-01   3.416596E-01  -4.817578E+01
    580000  -4.758845E+01   0.000000E+00   3.319299E-01  -4.725652E+01
    590000  -4.807439E+01   9.772997E-02   3.548405E-01  -4.762182E+01
    600000  -4.844199E+01   0.000000E+00   2.856041E-01  -4.815639E+01
    610000  -4.820165E+01   0.000000E+00   2.834959E-01  -4.791816E+01
    620000  -4.861026E+01   0.000000E+00   2.339761E-01  -4.837629E+01
    630000  -4.827100E+01   0.000000E+00   2.550951E-01  -4.801591E+01
    640000  -4.808208E+01   0.000000E+00   2.917503E-01  -4.779033E+01
    650000  -4.835758E+01   0.000000E+00   2.832941E-01  -4.807429E+01
    660000  -4.846308E+01   0.000000E+00   1.833144E-01  -4.827976E+01
    670000  -4.844180E+01   0.000000E+00   3.376619E-01  -4.810414E+01
    680000  -4.796633E+01   0.000000E+00   3.400110E-01  -4.762632E+01
    690000  -4.844514E+01   0.000000E+00   3.070610E-01  -4.813808E+01
    700000  -4.841191E+01   0.000000E+00   2.608866E-01  -4.815103E+01
    710000  -4.865470E+01   0.000000E+00   1.840852E-01  -4.847061E+01
    720000  -4.846209E+01   2.666815E-03   2.040293E-01  -4.825539E+01
    730000  -4.829764E+01   0.000000E+00   3.370015E-01  -4.796064E+01
    740000  -4.816072E+01   0.000000E+00   2.959741E-01  -4.786475E+01
    750000  -4.865487E+01   0.000000E+00   2.926336E-01  -4.836223E+01
    760000  -4.822808E+01   0.000000E+00   2.549853E-01  -4.797309E+01
    770000  -4.876383E+01   0.000000E+00   2.162661E-01  -4.854756E+01
    780000  -4.827541E+01   0.000000E+00   3.066035E-01  -4.796880E+01
    790000  -4.859453E+01   0.000000E+00   1.911530E-01  -4.840338E+01
    800000  -4.833761E+01   6.654132E-02   2.799888E-01  -4.799108E+01
    810000  -4.791766E+01   0.000000E+00   2.169197E-01  -4.770074E+01
    820000  -4.835147E+01   0.000000E+00   1.497859E-01  -4.820169E+01
    830000  -4.816668E+01   0.000000E+00   2.693800E-01  -4.789730E+01
    840000  -4.847340E+01   0.000000E+00   2.262554E-01  -4.824715E+01
    850000  -4.847284E+01   0.000000E+00   3.133987E-01  -4.815944E+01
    860000  -4.812398E+01   1.790825E-02   3.134402E-01  -4.779263E+01
    870000  -4.843653E+01   0.000000E+00   2.927912E-01  -4.814374E+01
    880000  -4.789370E+01   0.000000E+00   2.937186E-01  -4.759998E+01
    890000  -4.824702E+01   0.000000E+00   2.485918E-01  -4.799842E+01
    900000  -4.857198E+01   0.000000E+00   1.748752E-01  -4.839710E+01
    910000  -4.754958E+01   1.199006E-02   3.716411E-01  -4.716595E+01
    920000  -4.821154E+01   0.000000E+00   2.993921E-01  -4.791215E+01
    930000  -4.828252E+01   0.000000E+00   4.783496E-01  -4.780417E+01
    940000  -4.859626E+01   0.000000E+00   3.123820E-01  -4.828388E+01
    950000  -4.827689E+01   5.505970E-02   2.203054E-01  -4.800152E+01
    960000  -4.859228E+01   0.000000E+00   1.296739E-01  -4.846261E+01
    970000  -4.770718E+01   0.000000E+00   4.760620E-01  -4.723112E+01
    980000  -4.816485E+01   1.400952E-03   2.619280E-01  -4.790152E+01
    990000  -4.822993E+01   0.000000E+00   2.530098E-01  -4.797692E+01
   1000000  -4.871284E+01   0.000000E+00   1.869759E-01  -4.852587E+01
   1010000  -4.820463E+01   0.000000E+00   3.887839E-01  -4.781585E+01
   1020000  -4.817498E+01   5.005714E-04   1.981808E-01  -4.797630E+01
   1030000  -4.877193E+01   0.000000E+00   2.179262E-01  -4.855400E+01
   1040000  -4.825071E+01   0.000000E+00   2.574081E-01  -4.799330E+01
   1050000  -4.860843E+01   1.874225E-01   2.142628E-01  -4.820674E+01
   1060000  -4.858085E+01   1.200022E-04   2.110739E-01  -4.836966E+01
   1070000  -4.805156E+01   0.000000E+00   2.380679E-01  -4.781350E+01
   1080000  -4.844666E+01   0.000000E+00   2.623267E-01  -4.818433E+01
   1090000  -4.815032E+01   1.097728E-02   3.456498E-01  -4.779369E+01
   1100000  -4.906404E+01   1.011076E-01   2.228180E-01  -4.874012E+01
   1110000  -4.832531E+01   5.453281E-04   3.043750E-01  -4.802039E+01
   1120000  -4.880167E+01   4.823686E-03   3.069946E-01  -4.848985E+01
   1130000  -4.863526E+01   2.065521E-02   2.033889E-01  -4.841121E+01
   1140000  -4.815888E+01   0.000000E+00   3.923939E-01  -4.776648E+01
   1150000  -4.790299E+01   3.793037E-03   3.028722E-01  -4.759633E+01
   1160000  -4.803315E+01   0.000000E+00   4.206569E-01  -4.761250E+01
   1170000  -4.856545E+01   0.000000E+00   3.697154E-01  -4.819574E+01
   1180000  -4.869900E+01   0.000000E+00   1.888008E-01  -4.851020E+01
   1190000  -4.867324E+01   3.888388E-02   1.694138E-01  -4.846495E+01
   1200000  -4.847353E+01   0.000000E+00   2.722570E-01  -4.820127E+01
   1210000  -4.761349E+01   0.000000E+00   4.000520E-01  -4.721344E+01
   1220000  -4.805516E+01   0.000000E+00   2.573184E-01  -4.779785E+01
   1230000  -4.848673E+01   0.000000E+00   2.158289E-01  -4.827090E+01
   1240000  -4.830247E+01   6.321682E-03   3.718301E-01  -4.792432E+01
   1250000  -4.848065E+01   0.000000E+00   2.038452E-01  -4.827680E+01
   1260000  -4.815778E+01   1.258467E-03   2.377024E-01  -4.791882E+01
   1270000  -4.850563E+01   3.382796E-03   1.891100E-01  -4.831314E+01
   1280000  -4.822284E+01   0.000000E+00   3.222119E-01  -4.790063E+01
   1290000  -4.795378E+01   0.000000E+00   2.959542E-01  -4.765782E+01
   1300000  -4.782881E+01   0.000000E+00   3.030087E-01  -4.752580E+01
   1310000  -4.839915E+01   0.000000E+00   2.326492E-01  -4.816650E+01
   1320000  -4.807919E+01   0.000000E+00   2.607775E-01  -4.781841E+01
   1330000  -4.820877E+01   1.797666E-02   3.609743E-01  -4.782983E+01
   1340000  -4.841464E+01   0.000000E+00   2.465051E-01  -4.816813E+01
   1350000  -4.865540E+01   6.240192E-03   1.920155E-01  -4.845715E+01
   1360000  -4.831302E+01   0.000000E+00   2.789820E-01  -4.803404E+01
   1370000  -4.913472E+01   0.000000E+00   1.400992E-01  -4.899462E+01
   1380000  -4.867636E+01   0.000000E+00   2.967418E-01  -4.837962E+01
   1390000  -4.848126E+01   1.463949E-02   1.852234E-01  -4.828140E+01
   1400000  -4.801765E+01   0.000000E+00   1.972776E-01  -4.782038E+01
   1410000  -4.860452E+01   0.000000E+00   4.034611E-01  -4.820105E+01
   1420000  -4.842991E+01   0.000000E+00   2.478202E-01  -4.818209E+01
   1430000  -4.810817E+01   0.000000E+00   2.818210E-01  -4.782635E+01
   1440000  -4.801633E+01   0.000000E+00   4.448254E-01  -4.757150E+01
   1450000  -4.845601E+01   3.548012E-01   3.880639E-01  -4.771315E+01
   1460000  -4.871121E+01   0.000000E+00   3.032240E-01  -4.840799E+01
   1470000  -4.827967E+01   0.000000E+00   2.659951E-01  -4.801368E+01
   1480000  -4.827314E+01   0.000000E+00   2.131414E-01  -4.806000E+01
   1490000  -4.855558E+01   0.000000E+00   2.198081E-01  -4.833577E+01
   1500000  -4.794667E+01   0.000000E+00   2.743493E-01  -4.767233E+01
   1510000  -4.898360E+01   1.731674E-01   2.333904E-01  -4.857705E+01
   1520000  -4.891821E+01   0.000000E+00   1.575457E-01  -4.876067E+01
   1530000  -4.853128E+01   5.609102E-02   2.558576E-01  -4.821933E+01
   1540000  -4.805878E+01   0.000000E+00   2.734116E-01  -4.778537E+01
   1550000  -4.775654E+01   1.893341E-01   2.898341E-01  -4.727737E+01
   1560000  -4.874464E+01   4.991896E-03   2.078273E-01  -4.853181E+01
   1570000  -4.834365E+01   1.540418E-02   2.218294E-01  -4.810642E+01
   1580000  -4.846487E+01   0.000000E+00   1.988465E-01  -4.826603E+01
   1590000  -4.865649E+01   0.000000E+00   1.758426E-01  -4.848064E+01
   1600000  -4.844225E+01   2.332902E-02   1.777527E-01  -4.824117E+01
   1610000  -4.849222E+01   4.042035E-02   3.154440E-01  -4.813635E+01
   1620000  -4.822071E+01   0.000000E+00   2.056764E-01  -4.801503E+01
   1630000  -4.835051E+01   0.000000E+00   3.430159E-01  -4.800749E+01
   1640000  -4.857141E+01   0.000000E+00   3.271004E-01  -4.824432E+01
   1650000  -4.848457E+01   0.000000E+00   2.701702E-01  -4.821439E+01
   1660000  -4.829774E+01   0.000000E+00   5.223140E-01  -4.777543E+01
   1670000  -4.819708E+01   0.000000E+00   2.359262E-01  -4.796115E+01
   1680000  -4.855316E+01   0.000000E+00   2.192578E-01  -4.833390E+01
   1690000  -4.830544E+01   0.000000E+00   2.886256E-01  -4.801682E+01
   1700000  -4.877996E+01   0.000000E+00   1.670758E-01  -4.861288E+01
   1710000  -4.802314E+01   0.000000E+00   2.404957E-01  -4.778265E+01
   1720000  -4.811936E+01   0.000000E+00   2.743528E-01  -4.784501E+01
   1730000  -4.786255E+01   0.000000E+00   4.598352E-01  -4.740271E+01
   1740000  -4.836906E+01   7.520593E-06   2.360761E-01  -4.813298E+01
   1750000  -4.823554E+01   0.000000E+00   1.702353E-01  -4.806531E+01
   1760000  -4.854076E+01   0.000000E+00   2.117584E-01  -4.832900E+01
   1770000  -4.862971E+01   0.000000E+00   2.133143E-01  -4.841640E+01
   1780000  -4.836194E+01   7.089435E-02   2.783473E-01  -4.801270E+01
   1790000  -4.835653E+01   0.000000E+00   4.360041E-01  -4.792053E+01
   1800000  -4.823518E+01   0.000000E+00   2.900890E-01  -4.794510E+01
   1810000  -4.807835E+01   0.000000E+00   3.308848E-01  -4.774747E+01
   1820000  -4.794104E+01   1.328102E-01   2.552935E-01  -4.755293E+01
   1830000  -4.838253E+01   0.000000E+00   2.874263E-01  -4.809510E+01
   1840000  -4.881839E+01   1.621186E-01   1.867261E-01  -4.846954E+01
   1850000  -4.835212E+01   0.000000E+00   2.017139E-01  -4.815041E+01
   1860000  -4.819026E+01   1.659211E-02   2.484284E-01  -4.792524E+01
   1870000  -4.836002E+01   0.000000E+00   2.095488E-01  -4.815047E+01
   1880000  -4.845695E+01   0.000000E+00   3.099318E-01  -4.814701E+01
   1890000  -4.789093E+01   0.000000E+00   3.269872E-01  -4.756394E+01
   1900000  -4.800740E+01   0.000000E+00   2.223021E-01  -4.778510E+01
   1910000  -4.842913E+01   0.000000E+00   2.440094E-01  -4.818512E+01
   1920000  -4.788239E+01   0.000000E+00   2.265973E-01  -4.765579E+01
   1930000  -4.855116E+01   0.000000E+00   2.125770E-01  -4.833858E+01
   1940000  -4.812399E+01   0.000000E+00   3.613392E-01  -4.776265E+01
   1950000  -4.808579E+01   0.000000E+00   2.601416E-01  -4.782565E+01
   1960000  -4.864201E+01   9.862767E-04   1.879407E-01  -4.845308E+01
   1970000  -4.843341E+01   0.000000E+00   1.982166E-01  -4.823519E+01
   1980000  -4.800809E+01   3.809340E-03   3.613204E-01  -4.764296E+01
   1990000  -4.849607E+01   1.298208E-01   1.849410E-01  -4.818130E+01
   2000000  -4.844651E+01   4.423816E-02   3.852988E-01  -4.801697E+01
   2010000  -4.768327E+01   0.000000E+00   2.585908E-01  -4.742467E+01
   2020000  -4.845343E+01   0.000000E+00   2.962103E-01  -4.815722E+01
   2030000  -4.831474E+01   0.000000E+00   3.535054E-01  -4.796124E+01
   2040000  -4.880095E+01   0.000000E+00   1.525262E-01  -4.864842E+01
   2050000  -4.856432E+01   2.594732E-02   2.792773E-01  -4.825910E+01
   2060000  -4.810712E+01   0.000000E+00   2.910235E-01  -4.781609E+01
   2070000  -4.889337E+01   0.000000E+00   2.838150E-01  -4.860956E+01
   2080000  -4.837440E+01   0.000000E+00   2.744705E-01  -4.809993E+01
   2090000  -4.786523E+01   0.000000E+00   3.101567E-01  -4.755507E+01
   2100000  -4.863128E+01   0.000000E+00   1.765940E-01  -4.845468E+01
   2110000  -4.865832E+01   0.000000E+00   3.237545E-01  -4.833457E+01
   2120000  -4.869146E+01   0.000000E+00   1.594583E-01  -4.853200E+01
   2130000  -4.812829E+01   4.446473E-02   3.489507E-01  -4.773488E+01
   2140000  -4.845295E+01   0.000000E+00   2.621944E-01  -4.819075E+01
   2150000  -4.840659E+01   0.000000E+00   1.768679E-01  -4.822972E+01
   2160000  -4.860505E+01   1.707185E-01   2.248937E-01  -4.820943E+01
   2170000  -4.876728E+01   0.000000E+00   3.546509E-01  -4.841262E+01
   2180000  -4.859100E+01   0.000000E+00   2.343100E-01  -4.835669E+01
   2190000  -4.795211E+01   0.000000E+00   3.970203E-01  -4.755509E+01
   2200000  -4.832794E+01   0.000000E+00   2.560245E-01  -4.807191E+01
   2210000  -4.833240E+01   0.000000E+00   2.973317E-01  -4.803506E+01
   2220000  -4.793465E+01   0.000000E+00   3.809442E-01  -4.755371E+01
   2230000  -4.840738E+01   0.000000E+00   2.828819E-01  -4.812449E+01
   2240000  -4.781113E+01   0.000000E+00   3.376804E-01  -4.747345E+01
   2250000  -4.852844E+01   0.000000E+00   1.840911E-01  -4.834435E+01
   2260000  -4.888492E+01   0.000000E+00   1.941681E-01  -4.869075E+01
   2270000  -4.765770E+01   0.000000E+00   4.679247E-01  -4.718977E+01
   2280000  -4.837016E+01   5.170192E-03   2.886457E-01  -4.807634E+01
   2290000  -4.828209E+01   4.292491E-02   2.425714E-01  -4.799659E+01
   2300000  -4.857618E+01   0.000000E+00   3.166403E-01  -4.825954E+01
   2310000  -4.814608E+01   0.000000E+00   3.896925E-01  -4.775638E+01
   2320000  -4.828141E+01   0.000000E+00   3.119140E-01  -4.796950E+01
   2330000  -4.872261E+01   0.000000E+00   2.941419E-01  -4.842847E+01
   2340000  -4.844277E+01   0.000000E+00   2.058530E-01  -4.823692E+01
   2350000  -4.803506E+01   0.000000E+00   4.737191E-01  -4.756134E+01
   2360000  -4.889120E+01   2.455287E-03   1.688966E-01  -4.871985E+01
   2370000  -4.842110E+01   1.308351E-03   2.481564E-01  -4.817164E+01
   2380000  -4.840905E+01   0.000000E+00   2.377892E-01  -4.817126E+01
   2390000  -4.818525E+01   0.000000E+00   3.060132E-01  -4.787923E+01
   2400000  -4.816920E+01   1.727404E-05   2.566955E-01  -4.791249E+01
   2410000  -4.833018E+01   0.000000E+00   2.116596E-01  -4.811852E+01
   2420000  -4.783220E+01   0.000000E+00   3.407852E-01  -4.749141E+01
   2430000  -4.848596E+01   0.000000E+00   1.808869E-01  -4.830507E+01
   2440000  -4.886819E+01   1.542091E-01   1.437980E-01  -4.857018E+01
   2450000  -4.827915E+01   0.000000E+00   2.329936E-01  -4.804616E+01
   2460000  -4.838364E+01   6.360482E-02   3.540584E-01  -4.796598E+01
   2470000  -4.852246E+01   2.861369E-01   1.985265E-01  -4.803780E+01
   2480000  -4.865036E+01   1.882591E-02   1.717960E-01  -4.845974E+01
   2490000  -4.794761E+01   0.000000E+00   5.127124E-01  -4.743489E+01
   2500000  -4.820610E+01   0.000000E+00   3.740263E-01  -4.783207E+01
   2510000  -4.869431E+01   6.112603E-03   1.156048E-01  -4.857260E+01
   2520000  -4.856917E+01   1.199672E-02   2.779942E-01  -4.827917E+01
   2530000  -4.814347E+01   0.000000E+00   2.467218E-01  -4.789675E+01
   2540000  -4.822741E+01   0.000000E+00   2.782905E-01  -4.794912E+01
   2550000  -4.864727E+01   0.000000E+00   2.530843E-01  -4.839418E+01
   2560000  -4.830409E+01   0.000000E+00   2.063632E-01  -4.809773E+01
   2570000  -4.826235E+01   0.000000E+00   2.610137E-01  -4.800134E+01
   2580000  -4.861983E+01   0.000000E+00   3.126985E-01  -4.830713E+01
   2590000  -4.851401E+01   0.000000E+00   1.422170E-01  -4.837180E+01
   2600000  -4.837008E+01   0.000000E+00   2.159866E-01  -4.815409E+01
   2610000  -4.840419E+01   0.000000E+00   2.615029E-01  -4.814269E+01
   2620000  -4.849793E+01   2.469259E-02   2.485214E-01  -4.822472E+01
   2630000  -4.825470E+01   0.000000E+00   2.300912E-01  -4.802460E+01
   2640000  -4.804653E+01   0.000000E+00   3.477379E-01  -4.769880E+01
   2650000  -4.833994E+01   0.000000E+00   2.153868E-01  -4.812455E+01
   2660000  -4.821883E+01   0.000000E+00   3.062453E-01  -4.791259E+01
   2670000  -4.862452E+01   0.000000E+00   2.127451E-01  -4.841178E+01
   2680000  -4.772831E+01   0.000000E+00   3.086736E-01  -4.741964E+01
   2690000  -4.764919E+01   6.301219E-02   3.115029E-01  -4.727467E+01
   2700000  -4.817709E+01   0.000000E+00   3.718659E-01  -4.780522E+01
   2710000  -4.832749E+01   0.000000E+00   2.156534E-01  -4.811184E+01
   2720000  -4.886040E+01   0.000000E+00   2.311286E-01  -4.862927E+01
   2730000  -4.749230E+01   0.000000E+00   3.871238E-01  -4.710518E+01
   2740000  -4.872214E+01   2.499442E-02   3.028269E-01  -4.839432E+01
   2750000  -4.835830E+01   2.787457E-03   1.839700E-01  -4.817154E+01
   2760000  -4.835456E+01   0.000000E+00   2.891534E-01  -4.806540E+01
   2770000  -4.818051E+01   0.000000E+00   1.821761E-01  -4.799834E+01
   2780000  -4.811878E+01   0.000000E+00   3.292402E-01  -4.778954E+01
   2790000  -4.841801E+01   0.000000E+00   2.510689E-01  -4.816694E+01
   2800000  -4.884675E+01   0.000000E+00   1.699370E-01  -4.867682E+01
   2810000  -4.832721E+01   1.336953E-01   2.757520E-01  -4.791777E+01
   2820000  -4.887783E+01   0.000000E+00   2.237941E-01  -4.865404E+01
   2830000  -4.828075E+01   0.000000E+00   3.092557E-01  -4.797150E+01
   2840000  -4.885810E+01   0.000000E+00   2.718656E-01  -4.858623E+01
   2850000  -4.805530E+01   0.000000E+00   3.592802E-01  -4.769602E+01
   2860000  -4.837705E+01   0.000000E+00   2.556995E-01  -4.812135E+01
   2870000  -4.754517E+01   0.000000E+00   3.016692E-01  -4.724350E+01
   2880000  -4.795359E+01   0.000000E+00   2.945203E-01  -4.765907E+01
   2890000  -4.790261E+01   0.000000E+00   2.871841E-01  -4.761542E+01
   2900000  -4.842849E+01   3.504641E-01   2.055851E-01  -4.787244E+01
   2910000  -4.827706E+01   0.000000E+00   2.993260E-01  -4.797773E+01
   2920000  -4.829724E+01   0.000000E+00   3.439465E-01  -4.795329E+01
   2930000  -4.830104E+01   0.000000E+00   2.877250E-01  -4.801332E+01
   2940000  -4.821619E+01   0.000000E+00   2.683257E-01  -4.794786E+01
   2950000  -4.848825E+01   4.198988E-02   2.463199E-01  -4.819995E+01
   2960000  -4.778434E+01   0.000000E+00   3.366764E-01  -4.744766E+01
   2970000  -4.850886E+01   0.000000E+00   3.675488E-01  -4.814131E+01
   2980000  -4.859184E+01   7.351869E-02   2.258513E-01  -4.829247E+01
   2990000  -4.867093E+01   0.000000E+00   2.220095E-01  -4.844892E+01
   3000000  -4.869175E+01   0.000000E+00   2.646350E-01  -4.842711E+01
   3010000  -4.784917E+01   0.000000E+00   3.001409E-01  -4.754903E+01
   3020000  -4.821431E+01   0.000000E+00   3.790151E-01  -4.783529E+01
   3030000  -4.883820E+01   0.000000E+00   2.095392E-01  -4.862866E+01
   3040000  -4.821410E+01   9.217640E-03   1.976683E-01  -4.800721E+01
   3050000  -4.804910E+01   0.000000E+00   3.457818E-01  -4.770331E+01
   3060000  -4.858293E+01   3.686155E-02   2.272468E-01  -4.831882E+01
   3070000  -4.758845E+01   0.000000E+00   4.219570E-01  -4.716649E+01
   3080000  -4.823478E+01   1.342108E-01   3.664256E-01  -4.773414E+01
   3090000  -4.814938E+01   0.000000E+00   2.775390E-01  -4.787184E+01
   3100000  -4.872860E+01   0.000000E+00   1.902950E-01  -4.853831E+01
   3110000  -4.874648E+01   0.000000E+00   2.974505E-01  -4.844902E+01
   3120000  -4.904621E+01   0.000000E+00   1.795639E-01  -4.886664E+01
