     41.5702     61.4683      4.0369
     10.5223     55.6264      4.6067
     44.5948     20.1736      0.2754
     59.9401      3.4741      2.8828
     21.4442      1.5371      2.3858
     47.4228     37.4651      5.7943
     14.8888     20.3747      0.4017
     62.9069     27.3914      1.1274
     58.1610      7.7136      5.0145
     28.5687     14.2677      2.3479
     62.4677      7.9045      6.2113
     61.0037     42.3620      0.7436
     12.7144     38.4034      0.7792
     42.5047     35.4476      3.4642
     45.9625     16.1146      2.6717
     31.7194     12.8294      3.8740
     44.7350     41.2827      1.3247
     10.4354     51.4868      4.2912
     25.5455     49.9644      6.1196
     39.0648      2.4678      4.5663
