     40.8302     60.4105      5.5132
     10.1280     52.9278      5.5332
     47.6257     19.9823      4.3431
     62.8919      9.5556      4.0274
     22.6132      3.2068      3.1992
     41.5422     37.6154      2.5586
     15.0498     20.2044      0.6047
     59.7513     24.6423      5.7828
      1.8171      6.0103      5.9179
     27.9961     15.3956      1.1260
     59.9225      3.7216      5.6037
     62.4127     40.1092      3.0185
     12.3362     36.1541      2.7839
     44.7530     41.9641      3.0856
     44.8260     15.4636      4.3744
     30.4598     12.9566      4.7374
     46.3062     37.2305      3.3619
      8.0350     55.6475      4.8539
     27.3804     49.2972      2.8008
     42.7535      0.4664      1.3265
