     38.4545      1.0458      4.2896
      6.2958     52.9486      0.7112
     45.9942     21.2891      0.1734
     63.5401      7.6926      2.7863
     21.5788     63.7164      3.7550
     47.2166     41.0769      2.5263
     10.9561     17.9069      0.2883
     59.1685     24.2006      4.4478
      1.2865      4.4839      0.0713
     30.8164     15.5996      5.4283
     59.0201      3.8293      0.3192
     63.1264     39.3263      0.0652
     10.8087     36.9230      5.5286
     46.2877     37.5556      2.2371
     45.9297     15.3563      3.9577
     27.2688     14.1136      1.6476
     42.1336     38.4359      0.4418
      8.3563     56.5602      0.2324
     29.3260     51.3629      0.7850
     40.0985     60.8823      0.8448
