     40.9496      2.0563      5.1163
      4.9513     54.0385      1.1694
     45.1259     16.9939      2.7090
     61.5694      5.1259      2.3350
     17.2421      3.7095      0.0413
     45.6586     36.1068      5.9665
     13.4485     17.9735      2.4423
     62.2826     25.5256      3.0055
     58.5695      6.9558      0.1703
     28.6678     12.7941      1.1503
      0.5080      8.8540      3.1085
     62.1634     41.8645      2.5740
     14.6751     37.8552      3.4402
     47.7743     39.3042      4.8458
     47.5632     20.0728      6.1192
     31.9504     15.3929      3.8117
     44.2771     40.8599      2.8177
     10.4629     53.6402      2.5407
     26.8980     49.4859      4.6753
     41.4821     61.4028      3.3619
