     40.3619      2.5620      0.4647
     10.9578     53.5233      2.2759
     47.6480     22.0357      2.4608
     63.2377      2.6207      5.3356
     18.2580      0.4936      2.1491
     42.4888     38.8662      2.2957
     15.4426     18.3070      5.9743
     62.1341     24.1336      1.5211
     62.9384      6.5161      1.6195
     31.1717     14.4057      1.4111
     59.3195      4.9733      3.3641
     60.9609     42.6066      0.7767
     11.4918     36.0039      4.3339
     47.4949     36.1372      3.7757
     46.6539     16.2138      2.3163
     29.3695     10.7224      1.7060
     47.1926     39.5916      1.2114
      5.9416     55.8279      0.3231
     25.7169     51.4954      5.7007
     43.5730      0.2173      3.1091
