     40.2347     61.2773      5.6466
      6.2524     55.5520      2.7124
     46.8507     17.2548      4.6828
     59.2466      8.8255      0.8801
     17.4764      3.1153      3.4185
     47.2117     36.2187      1.8581
     10.0579     17.9131      1.1768
     60.4079     25.7126      0.8289
      2.0682      5.9569      2.7146
     30.5659     12.8073      3.6456
     60.7024      4.2386      0.2757
     62.8984     41.2759      0.9794
     12.9389     36.7805      0.6213
     46.7838     39.8389      2.4133
     44.5061     21.8375      3.3393
     31.8296     16.0776      0.3835
     42.4559     41.4761      1.9571
      4.6847     52.4167      1.5368
     29.6719     51.0080      4.7621
     38.4630      1.1319      2.0180
