     42.3002      0.3801      0.8095
     11.1988     54.4230      2.0152
     45.3118     20.7472      1.1762
      0.0774      4.1014      2.2296
     21.6976      1.1406      5.4361
     47.3152     36.9991      3.1777
     13.9454     18.0457      4.9236
     60.8311     28.1298      0.3974
     59.4774      2.9816      5.7163
     31.4547     15.2801      5.5487
     61.7513      8.3911      3.4200
     62.7597     41.1646      5.0104
     14.6085     33.5985      2.2141
     43.8691     40.7326      4.9721
     44.4189     16.5514      0.5362
     27.3666     14.1437      6.2589
     43.9199     36.0157      0.5243
      6.1181     53.8383      2.0430
     26.3435     47.7198      0.7606
     37.3847     63.0366      2.4102
