     40.6214      3.3067      0.8434
      7.5449     51.0425      2.0189
     44.1011     19.3351      0.7972
     58.8488      6.1934      5.8742
     19.7630      1.0487      2.0767
     41.8703     39.6910      0.3195
     13.9156     20.9142      5.8250
     59.4303     25.2024      4.8828
     62.3807      4.4337      1.0398
     29.2881     16.3050      2.5412
     61.3376     10.1853      3.4587
     63.2656     40.7982      0.7196
     13.0100     39.0528      4.4839
     43.9604     36.5368      3.8683
     47.5315     19.2019      3.7073
     31.3137     12.8867      0.5830
     46.0096     41.0401      2.2684
      6.3719     54.5438      3.8045
     29.1068     50.2436      4.8107
     41.9002     62.0013      1.1879
