     39.0187     62.0555      1.0080
      9.8735     51.3703      6.1573
     48.5114     16.9764      1.6829
     58.0723      9.0261      3.3656
     16.2539      3.0040      1.6366
     41.8798     39.9793      0.4923
     11.3178     17.3630      3.4074
     59.2610     26.0416      3.5524
     60.6111      4.3022      0.7487
     27.7871     12.2440      6.0861
     61.2943      9.0002      5.9984
     62.6838     40.9733      3.3698
     12.1378     38.3583      4.4815
     42.3857     34.9940      3.4190
     44.3423     16.9867      4.0862
     29.4501     17.0674      4.2141
     45.3992     37.3581      4.5935
      5.2786     53.6716      0.0447
     31.8541     47.4830      3.8095
     42.6002      0.0365      1.6414
