     38.5051      2.3057      1.6975
      7.3186     51.0986      3.2169
     43.0147     18.4522      1.8473
     63.6080     10.1643      2.0757
     21.4484     63.9395      0.2635
     42.3946     37.7520      1.3405
     12.9329     18.9688      3.4060
     60.1264     23.7086      1.7167
     59.7152      4.8871      5.7175
     29.5922     11.9314      2.9223
      2.0621      4.3264      4.1059
     61.8532     42.7532      1.3576
     14.6326     35.1573      4.7050
     45.8430     41.0194      5.0584
     45.9844     17.2041      5.8104
     29.3934     15.4869      0.0207
     45.5941     37.4058      2.0328
      7.7263     55.7959      4.3828
     29.5856     50.8141      1.4009
     39.0639     61.3945      3.4937
