     40.6367      2.8202      2.8655
     10.7450     51.8528      4.9456
     43.2851     19.2278      4.0777
     63.7074      2.9879      2.4096
     17.0921      1.0761      5.5369
     46.0147     36.8867      2.1372
     10.5485     18.2215      4.7743
     60.6636     28.1624      3.9518
     62.1722      9.1454      6.1580
     30.6726     12.2740      5.6001
     59.9102      3.5140      0.4048
     62.8612     41.4218      6.0547
     15.1791     38.4990      3.3765
     45.0887     41.4313      3.4984
     47.3014     20.2976      0.6217
     28.6696     15.2799      6.0864
     42.1906     36.7491      2.1846
      9.3771     55.5655      6.0605
     30.8635     50.3891      1.8724
     36.6921     62.3362      1.2266
