     39.5632      4.0652      4.7616
      8.8375     52.1902      5.2368
     45.9107     16.7354      3.1550
     61.8340      5.6149      1.8300
     21.2941      3.1958      5.7753
     43.4292     35.5709      4.2621
     12.8088     18.0801      3.7914
     60.0436     24.5664      4.6829
     60.6848      9.3823      2.2828
     32.1018     16.0448      0.1980
      1.0809      4.8516      1.0855
     61.2462     42.5688      0.3477
     12.9207     39.4297      0.7132
     45.5490     38.7413      4.9935
     43.5194     21.0773      4.1595
     28.1141     13.2697      5.6489
     47.8021     36.1492      1.4182
      5.6089     54.5410      2.5090
     26.7315     48.6323      4.9443
     42.9432      2.0757      2.9843
