     42.9965      2.3097      0.4040
      9.3500     51.5464      1.9061
     43.7593     18.4408      0.2850
     59.6328      5.1034      3.3874
     21.7212      2.4752      4.8741
     44.1298     41.0461      3.0731
     11.3397     17.4198      0.4407
     59.6200     26.8009      1.3953
     63.1958      8.2599      2.0912
     28.0777     12.1231      2.4354
     62.9142      3.5661      2.0962
     63.6577     40.0007      0.5785
     14.3668     37.0464      1.1185
     41.5847     38.1479      1.8324
     48.1766     20.8477      0.7120
     28.9941     16.0486      2.4450
     45.8206     36.3242      5.7394
      9.8239     55.3325      0.7159
     27.0212     46.7615      3.0021
     38.6031     62.4502      2.5299
