     41.0015      1.9883      1.7191
     11.1443     54.4999      6.1788
     46.5327     18.0184      2.7216
      0.6640     15.2244      1.0876
     15.5561     62.6789      4.1728
     47.1204     34.6139      4.0494
     12.8420     21.5613      1.0148
     61.1519     26.3808      2.0060
     59.8344      5.9514      0.7994
     30.8306     11.8046      6.2070
     63.1274     11.0809      5.4390
     62.5492     41.5969      4.1411
     11.1582     32.4351      3.2268
     43.4887     28.2942      4.7207
     41.5085     14.8956      4.4608
     31.2963     16.6003      0.4255
     47.0479     40.0498      3.7270
      6.8629     52.1901      5.5481
     30.1405     52.1744      2.9066
     39.0762     57.5133      3.5376
