     39.4265     59.8485      2.2531
     10.1779     54.6234      4.2086
     45.4709     14.8238      1.1636
     63.4549      7.4466      5.3820
     18.6261      1.1616      3.5329
     42.9692     38.8142      4.2348
     12.7641     18.5100      1.4961
     62.5085     23.3775      5.1917
     58.7918      6.8016      3.6099
     30.3501     16.2686      4.2458
      0.6216      2.8972      3.8180
     61.5294     38.5789      2.6814
     14.4810     38.3655      0.9131
     45.3583     41.7409      3.9538
     45.9880     22.5088      1.5502
     28.3741     12.0476      5.9996
     47.6708     37.1905      1.8904
      7.2296     52.9232      1.4402
     25.9271     46.9899      1.1540
     40.9830      0.1016      5.0091
