     38.7176     63.6869      3.7574
     10.7675     54.7414      6.1118
     45.1654     16.3820      3.8191
     57.5770      5.5267      6.1957
     19.9542      4.3079      3.0839
     47.3456     37.2496      4.9873
     11.5668     18.0016      1.0159
     62.3292     24.6028      0.2104
     61.5329      2.6920      0.6768
     30.1372     17.0543      2.2007
     63.4595      8.5014      0.9328
     61.2121     39.8678      3.0976
     13.9835     36.8416      4.4673
     43.6749     40.8238      2.2813
     45.2397     20.3584      1.3800
     29.1679     13.1613      1.2319
     42.8569     36.6977      2.6510
      7.1254     53.5784      3.7684
     28.8834     45.5573      5.1646
     41.1966     60.9037      1.6687
