     40.9136      2.5259      6.0097
      9.1040     55.9772      5.0485
     45.8190     20.3573      4.3391
     59.9759      8.9910      1.7541
     20.8775      2.9781      6.0705
     46.4533     37.3203      4.1397
     14.2617     20.6864      0.8174
     61.8493     27.6382      0.6505
      1.0852      8.2641      0.0700
     31.3634     12.2022      1.3734
     60.7097      3.2899      1.0932
     62.6175     43.4333      4.6228
     11.5911     36.8971      3.9489
     44.9363     41.6402      3.4249
     48.2196     15.8814      3.7430
     27.2011     13.3712      0.5813
     43.3717     36.3207      2.8785
     10.1734     52.0433      5.4210
     27.8155     47.5395      3.8093
     37.1763     63.4192      0.2589
