     40.0910      2.4115      6.0160
      5.4883     56.4746      3.2268
     46.8242     19.3982      3.2174
     61.1178      3.4105      1.6979
     20.7946     62.6696      3.9225
     42.8843     35.9701      5.1611
     10.8054     16.9283      3.0619
     61.0746     28.6357      6.0140
      1.1200      5.9904      1.8118
     31.6876     14.1882      0.8275
     61.0980      9.6344      2.7282
     62.8433     42.4227      2.3160
     13.5520     33.6790      0.1115
     47.2919     35.4411      5.1907
     45.0262     16.4657      1.0768
     27.6769     15.4500      6.0027
     44.4403     40.6101      1.6019
      7.6957     51.9700      1.3506
     30.4166     47.9293      6.1821
     37.2319     62.9960      2.4464
