     40.8182      1.7114      4.8154
      4.7616     54.2946      1.6368
     43.8521     18.1562      3.1292
     60.7886      8.8434      3.0161
     19.0913      1.4174      0.6340
     47.4784     40.0512      5.7688
     14.0702     19.7324      4.9872
     63.7201     23.7388      1.5985
     63.6490      6.4729      0.0627
     31.6481     12.4253      0.0908
     59.4243      4.1804      6.2374
     61.5820     41.7537      1.5871
     12.6492     37.8724      3.2058
     44.0859     41.2696      3.3207
     48.8889     18.8112      6.1743
     28.3124     11.3837      5.0874
     43.4218     36.5294      5.6867
      9.6401     54.2954      4.8822
     28.5204     46.6647      4.5898
     36.7407      0.8618      0.3030
