     41.5065     63.4898      5.2940
      5.3340     55.1882      0.8046
     42.9771     17.1052      2.6191
     60.5162      3.2246      4.7019
     16.8674      2.8834      0.4073
     42.1675     36.8775      6.1704
     13.0531     16.1220      4.0295
     61.7881     24.9964      4.4994
      1.3121      7.3388      3.6940
     32.2612     15.2065      3.7753
     63.8626      3.5896      1.8352
     61.5302     40.7480      4.3293
     11.5770     35.5511      2.4287
     42.8553     41.1686      2.9941
     45.3941     21.6129      4.6377
     28.4698     16.4009      1.9942
     45.9865     38.2244      2.8453
      9.2767     50.8792      0.9007
     29.6942     51.9549      0.7447
     39.8696     60.6502      5.6193
