     41.5525     61.2436      5.4463
      7.4665     52.4540      2.0557
     46.3461     14.4913      1.3724
      1.5276      7.3064      4.7694
     19.8121      3.0524      0.7608
     47.4457     36.9390      5.7073
     13.0882     15.0573      0.3359
     63.7990     26.6050      0.2050
     57.7517      7.6314      3.1438
     30.6742     14.4589      4.8067
     62.7630      5.0400      3.4443
     63.9664     39.8429      1.8169
     13.8292     37.9936      5.3642
     44.6421     34.4404      2.0408
     45.3221     19.5751      2.0671
     27.7196     12.7140      3.0716
     44.0919     42.2874      2.7240
     10.9932     54.0378      0.4458
     25.3264     49.6503      3.4679
     43.4304      1.2068      0.8791
