     43.7314      0.9257      4.5413
      8.5259     50.4774      1.7515
     48.6018     18.3315      5.5292
      0.0925      7.1403      0.0610
     15.3091      2.3879      2.0357
     45.8035     39.5211      2.6033
     14.8177     19.2551      0.4707
     63.7714     24.4797      4.5145
     58.2125      5.9002      1.5385
     29.8630     12.8346      2.3868
     61.1974      3.6263      0.5875
     60.0224     38.5781      4.2617
     15.6734     38.2506      2.8897
     48.1711     36.8961      2.3954
     43.6603     17.0164      2.1752
     30.0875     16.1903      0.6887
     43.6080     36.0426      6.1781
      7.2703     56.2287      2.0963
     28.6324     48.4104      2.8110
     38.5106     63.0339      4.0354
