     40.9042     61.3604      4.5984
      8.3502     52.7306      4.7876
     49.0699     17.2338      4.0612
     58.4337      7.7436      5.5462
     20.7465      2.5593      2.6565
     46.8106     35.9171      3.6071
     13.3661     17.8715      4.2053
     59.9164     26.8269      3.2846
      0.4129      3.3750      4.5338
     32.0813     15.5239      3.7623
      1.6843      6.5547      5.3737
     59.7567     40.7221      4.2104
     13.7909     32.8782      3.5132
     41.7436     40.0574      3.4964
     45.7323     16.0171      4.3008
     28.3066     14.0703      0.6351
     46.7395     41.9042      3.0118
      4.9550     54.3216      5.4686
     28.6614     47.0737      3.8548
     37.3372      2.1813      4.3941
