     42.6475     62.7452      5.3235
      5.0774     52.0580      6.1811
     45.8477     19.6866      1.9276
     57.9419      8.0131      3.8682
     18.7176      4.1206      3.0721
     44.9932     41.9909      5.4458
     14.7010     19.2534      0.9147
     62.7828     27.7483      1.3737
      0.9339      7.5780      4.4138
     27.8103     15.8716      1.0354
     61.2482      6.1756      0.1257
     63.8054     42.7372      2.7968
     14.0475     37.7227      5.6639
     46.2544     36.4327      5.5487
     44.1430     15.8625      0.4659
     29.9223     12.6931      3.6385
     42.7289     36.4504      1.2098
     10.4647     54.6534      5.7532
     31.4024     47.7202      1.7901
     39.3253     62.2480      1.1185
