     40.9597     61.3573      0.4581
      8.2981     51.8872      0.6493
     42.4114     19.3263      2.1472
     63.2107      3.7072      2.6124
     20.5072      0.2214      0.5971
     47.3419     39.7583      4.8771
     13.9053     21.6077      0.2762
     58.9315     23.3057      0.3888
      0.7751      6.9336      0.7860
     31.3111     12.9039      5.9402
     59.3800      6.0929      1.0338
     60.3276     41.7568      1.5460
     12.8389     34.5814      4.3131
     41.7384     37.3338      3.2277
     46.1587     19.1922      3.2328
     29.6219     16.2871      2.4471
     42.9499     40.7933      4.9480
      6.5998     56.3240      0.0308
     26.0511     48.4369      4.0383
     41.1804      2.5186      0.4115
