     39.3260     61.1559      5.9084
      8.2897     51.2858      1.6544
     46.9409     20.7140      5.7798
     58.3801      7.9487      0.0727
     18.3353      1.2949      4.5044
     45.5948     35.6352      4.3626
     12.5794     17.1713      1.1251
     59.5592     26.3400      4.5882
     63.8795      8.8667      5.5927
     28.2734     15.2732      3.5628
     59.6947      3.9391      0.1048
     63.1925     39.8790      4.5118
     15.0853     38.1012      6.0120
     43.0817     38.8126      0.1974
     46.5145     15.0531      3.1718
     32.1977     15.5237      2.8773
     46.1539     40.9786      3.1583
      6.3808     55.2169      3.6077
     29.8232     49.5443      1.5099
     41.4896      0.9075      4.8070
