     38.6156     63.0656      5.7211
      8.5015     56.0120      1.6495
     42.9854     17.7041      5.4591
     57.6970      5.5234      0.0108
     20.1152      2.5956      1.0473
     48.0847     36.7598      0.7331
     16.1851     19.0072      4.6828
     62.2082     23.4794      4.6037
     62.1407      3.6914      5.7741
     28.7419     12.3967      3.7199
     61.5516      7.6792      4.4786
     60.9454     41.4731      4.1509
     16.5981     37.5539      2.4044
     42.5734     36.3441      3.3152
     47.3665     17.2293      2.7419
     27.9991     15.9556      2.6086
     45.5435     42.5060      1.5785
      9.4916     49.5671      0.1837
     28.8995     49.8528      5.5517
     41.1581      1.8880      1.3014
