     40.6738      2.0754      5.6574
      5.4520     54.3890      2.8249
     46.1379     20.3843      2.7570
     59.4249      7.3861      2.8982
     17.3026     63.7398      4.9518
     45.2251     37.1778      5.8960
     11.4534     15.4197      1.1273
     60.2362     23.7749      0.6102
     60.6714      2.8179      6.0135
     29.6940     12.0094      5.4865
     62.8054      6.8911      3.1555
     63.0494     40.9093      4.7974
     12.1611     35.3515      5.2532
     47.6192     34.4672      1.1280
     44.4414     16.6801      0.9081
     31.7364     14.8624      4.7822
     43.8583     40.4363      5.5400
     10.1419     51.5534      4.7386
     26.3376     48.1645      0.8075
     37.4029     61.5807      0.3546
