     36.9608      0.1288      4.7334
      8.2778     51.1386      4.4109
     47.8014     20.9478      4.3311
     62.5451      4.1941      0.3520
     20.9078      1.2717      3.1685
     44.3770     35.0348      4.5526
     11.1702     20.3819      4.7379
     62.5234     22.8563      4.4252
      0.2413      8.4069      3.2097
     29.4849     11.4183      2.1199
     57.9800      7.2417      4.5821
     61.0560     39.1888      5.7230
     12.5359     37.6020      5.3036
     42.2603     38.7522      0.0141
     43.3904     18.5080      6.2684
     29.9728     15.3856      5.2373
     47.5361     38.4665      0.9078
     11.2850     52.9720      3.7305
     29.8215     52.1445      2.2042
     39.8800     61.0839      3.1336
