     41.5551      0.6534      5.5791
      5.6128     53.9569      0.7369
     45.7572     20.9944      0.4480
      1.1168      5.1167      3.3241
     19.5334      1.9815      3.4856
     44.3910     35.7929      4.9621
     11.9352     15.1050      3.3931
     58.9515     26.2708      2.9884
     60.3484      4.1777      3.8206
     27.1064     14.9045      5.8955
     62.1311      8.2871      3.7565
     63.1374     39.3533      5.2284
     14.0980     34.9130      1.5686
     42.1485     38.5347      2.2630
     45.1210     17.4723      1.6208
     30.8494     13.1970      6.2462
     46.8409     39.3195      0.5977
      9.0627     52.9072      4.3091
     26.3743     46.7159      1.2617
     38.2251     61.9180      2.5030
