     38.2758      1.4502      5.0754
      7.3211     55.6158      4.3092
     46.0372     15.5598      4.8025
     62.0352      6.6159      3.6070
     17.6603      3.7510      4.6737
     42.7077     36.2446      2.2316
     13.7795     19.6037      2.6621
     63.0193     23.1259      2.3582
     58.8438      4.2634      1.1731
     32.1670     14.1679      5.9142
     63.3926      9.9056      0.6565
     60.3436     41.2126      6.0470
     12.8820     34.6315      2.4455
     42.9185     40.9299      2.3110
     48.4061     19.1862      5.5042
     27.4299     15.3625      4.6759
     46.7690     35.9157      5.0093
      9.5968     49.6237      1.6757
     29.1220     49.1927      2.7248
     42.9225     63.8292      1.4896
