     41.5699     62.6964      4.0599
      8.1616     53.0626      0.8597
     44.0643     21.2973      0.5162
     58.3358      4.8407      2.7309
     19.1305     63.4567      0.8494
     45.9321     36.8118      0.9555
     12.0782     18.9545      2.8873
     61.2544     27.7570      3.2304
     63.4794     10.2937      0.0378
     30.8484     16.4359      5.5400
     63.8461      5.2117      5.8489
     61.3353     40.0856      5.6015
     13.0906     35.8376      2.0238
     45.7189     41.0831      4.8718
     48.5768     17.5411      5.2648
     30.2927     12.3777      2.3110
     41.9263     37.9970      2.4913
      8.7616     56.8300      3.6603
     29.1035     48.1567      4.0723
     41.5644      2.2595      3.2246
