    # Step         Domain_Size
         1      2.01972389E+00     -2.50277340E-01      2.49212272E-02      4.81868782E+01      5.25401535E+01
     10000      1.05567007E+01     -2.50053674E-01      4.71942663E-01      5.26224670E+01      1.66491985E+01
     20000      1.15380278E+01     -2.50010073E-01      4.97247517E-01      5.31250114E+01      1.99857426E+01
     30000      1.19416914E+01     -2.50001609E-01      5.04917681E-01      5.69810219E+01      1.43383093E+01
     40000      1.20825958E+01     -2.50000089E-01      5.06808817E-01      5.77934799E+01      1.22691050E+01
     50000      1.23373489E+01     -2.49999583E-01      5.11132419E-01      5.43216286E+01      1.40290270E+01
     60000      1.28401251E+01     -2.49999478E-01      5.15907943E-01      5.40004120E+01      1.38091059E+01
     70000      1.26419754E+01     -2.49999434E-01      5.15930295E-01      5.54094658E+01      1.24294233E+01
     80000      1.26419754E+01     -2.49999508E-01      5.16330123E-01      5.41107941E+01      1.30694733E+01
     90000      1.26811142E+01     -2.49999419E-01      5.16252995E-01      5.50620804E+01      1.33531713E+01
    100000      1.26419754E+01     -2.49999449E-01      5.16818762E-01      5.80058823E+01      1.26488867E+01
    110000      1.26030769E+01     -2.49999449E-01      5.16863763E-01      5.48287354E+01      1.22291756E+01
    120000      1.26419754E+01     -2.49999389E-01      5.16361952E-01      5.67271843E+01      1.23922224E+01
    130000      1.25259943E+01     -2.49999464E-01      5.16928554E-01      5.67334595E+01      1.00832996E+01
    140000      1.26811142E+01     -2.49999553E-01      5.16335905E-01      5.52322426E+01      9.10875225E+00
    150000      1.26811142E+01     -2.49999464E-01      5.16678214E-01      5.37070084E+01      1.04346704E+01
    160000      1.27204971E+01     -2.49999464E-01      5.16502917E-01      1.36528492E+01      1.05692978E+01
    170000      1.28000002E+01     -2.49999478E-01      5.16679823E-01      6.17666588E+01      1.11647930E+01
    180000      1.27601242E+01     -2.49999464E-01      5.16589403E-01      4.99147835E+01      1.12998867E+01
    190000      1.27204971E+01     -2.49999508E-01      5.16781271E-01      5.51768608E+01      1.23941097E+01
    200000      1.28401251E+01     -2.49999598E-01      5.17114103E-01      5.31996269E+01      1.06098537E+01
    210000      1.27601242E+01     -2.49999478E-01      5.16303658E-01      5.34881897E+01      1.06897955E+01
    220000      1.28000002E+01     -2.49999493E-01      5.17188668E-01      5.03096390E+01      9.64485359E+00
    230000      1.27601242E+01     -2.49999449E-01      5.16824305E-01      5.29859428E+01      9.45726490E+00
    240000      1.28000002E+01     -2.49999493E-01      5.16560376E-01      5.13214798E+01      1.10247793E+01
    250000      1.29211359E+01     -2.49999449E-01      5.17811060E-01      5.56626892E+01      9.23913193E+00
    260000      1.27601242E+01     -2.49999404E-01      5.17065525E-01      5.72811775E+01      1.12485132E+01
    270000      1.28805027E+01     -2.49999374E-01      5.16509533E-01      5.02754097E+01      1.18578587E+01
    280000      1.28805027E+01     -2.49999374E-01      5.17050028E-01      5.14951515E+01      1.25462542E+01
    290000      1.28805027E+01     -2.49999404E-01      5.16699791E-01      4.89029083E+01      1.18817968E+01
    300000      1.28805027E+01     -2.49999464E-01      5.17292857E-01      4.89408035E+01      1.07632074E+01
    310000      1.28401251E+01     -2.49999464E-01      5.17153621E-01      5.14773560E+01      9.38492203E+00
    320000      1.28000002E+01     -2.49999434E-01      5.17113566E-01      5.00115471E+01      1.04123411E+01
    330000      1.28401251E+01     -2.49999464E-01      5.17138779E-01      4.98909264E+01      1.19293375E+01
    340000      1.28000002E+01     -2.49999523E-01      5.16984165E-01      4.81232033E+01      1.03748226E+01
    350000      1.28000002E+01     -2.49999419E-01      5.16799212E-01      4.96440430E+01      8.36064434E+00
    360000      1.26811142E+01     -2.49999478E-01      5.16909182E-01      4.66617661E+01      9.55357742E+00
    370000      1.27204971E+01     -2.49999493E-01      5.17154992E-01      5.18052673E+01      1.03664827E+01
    380000      1.27204971E+01     -2.49999523E-01      5.16835093E-01      5.22607231E+01      9.99654293E+00
    390000      1.27204971E+01     -2.49999404E-01      5.17106354E-01      5.29075050E+01      1.25395699E+01
    400000      1.27601242E+01     -2.49999508E-01      5.16739309E-01      5.05719528E+01      9.81245232E+00
    410000      1.28401251E+01     -2.49999478E-01      5.17323136E-01      4.82819481E+01      1.05904093E+01
    420000      1.26811142E+01     -2.49999359E-01      5.16933322E-01      4.70135574E+01      1.14572201E+01
    430000      1.26811142E+01     -2.49999478E-01      5.17027557E-01      5.00167885E+01      9.96816063E+00
    440000      1.26419754E+01     -2.49999478E-01      5.16608775E-01      5.05741806E+01      1.01345167E+01
    450000      1.26419754E+01     -2.49999419E-01      5.17207921E-01      4.66063499E+01      1.05717945E+01
    460000      1.26811142E+01     -2.49999464E-01      5.16843021E-01      4.81234550E+01      1.03880749E+01
    470000      1.26811142E+01     -2.49999464E-01      5.17056227E-01      5.10546379E+01      9.62258339E+00
    480000      1.26811142E+01     -2.49999493E-01      5.16552210E-01      5.19886475E+01      1.04143639E+01
    490000      1.27204971E+01     -2.49999449E-01      5.17255545E-01      5.06405449E+01      1.27178917E+01
    500000      1.27204971E+01     -2.49999553E-01      5.17107129E-01      5.20896225E+01      1.16279173E+01
    510000      1.26811142E+01     -2.49999508E-01      5.16798377E-01      4.84208679E+01      1.16503315E+01
    520000      1.26419754E+01     -2.49999523E-01      5.16890883E-01      5.03892593E+01      1.14832001E+01
    530000      1.26419754E+01     -2.49999493E-01      5.16896725E-01      5.39307938E+01      8.53372860E+00
    540000      1.25259943E+01     -2.49999419E-01      5.16328216E-01      4.79228477E+01      9.83651829E+00
    550000      1.26419754E+01     -2.49999434E-01      5.17157078E-01      5.50575104E+01      8.96740055E+00
    560000      1.26419754E+01     -2.49999493E-01      5.16426384E-01      5.06000366E+01      9.53713703E+00
    570000      1.25644169E+01     -2.49999434E-01      5.16426086E-01      5.21137619E+01      9.87611103E+00
    580000      1.25259943E+01     -2.49999493E-01      5.16981721E-01      5.22382622E+01      8.51862335E+00
    590000      1.25644169E+01     -2.49999478E-01      5.16990364E-01      5.20300827E+01      1.06136932E+01
    600000      1.26811142E+01     -2.49999464E-01      5.16541123E-01      5.01273117E+01      9.33578873E+00
    610000      1.26811142E+01     -2.49999419E-01      5.16899168E-01      4.81222343E+01      1.08136034E+01
    620000      1.25259943E+01     -2.49999434E-01      5.16239524E-01      4.94480705E+01      1.07028151E+01
    630000      1.25259943E+01     -2.49999449E-01      5.17167270E-01      5.90079575E+01      8.89655876E+00
    640000      1.26030769E+01     -2.49999464E-01      5.17073214E-01      5.50044746E+01      1.00919151E+01
    650000      1.25259943E+01     -2.49999404E-01      5.16388297E-01      5.24382210E+01      1.20763407E+01
    660000      1.24878044E+01     -2.49999493E-01      5.16589761E-01      5.16362000E+01      9.93003368E+00
    670000      1.24878044E+01     -2.49999419E-01      5.16222119E-01      5.09552574E+01      9.17489529E+00
    680000      1.25259943E+01     -2.49999523E-01      5.16528070E-01      4.75297318E+01      1.07751188E+01
    690000      1.25259943E+01     -2.49999523E-01      5.16327679E-01      4.64970322E+01      1.00432844E+01
    700000      1.25259943E+01     -2.49999478E-01      5.16246378E-01      4.88461609E+01      1.24256592E+01
    710000      1.26030769E+01     -2.49999493E-01      5.16294360E-01      5.02021790E+01      1.16046667E+01
    720000      1.25644169E+01     -2.49999464E-01      5.16444981E-01      5.18599129E+01      1.18168993E+01
    730000      1.26030769E+01     -2.49999449E-01      5.16447902E-01      5.35950851E+01      1.22866917E+01
    740000      1.25644169E+01     -2.49999434E-01      5.16893923E-01      5.15781136E+01      1.26371555E+01
    750000      1.27204971E+01     -2.49999419E-01      5.16374469E-01      5.08968468E+01      1.30531273E+01
    760000      1.26419754E+01     -2.49999464E-01      5.16341746E-01      5.05466576E+01      8.73597527E+00
    770000      1.26419754E+01     -2.49999464E-01      5.16186774E-01      4.94930801E+01      9.24148273E+00
    780000      1.26811142E+01     -2.49999568E-01      5.16631782E-01      5.06548729E+01      7.88570976E+00
    790000      1.24121208E+01     -2.49999389E-01      5.16244590E-01      5.15704269E+01      9.74458504E+00
    800000      1.24121208E+01     -2.49999449E-01      5.16468465E-01      4.87401314E+01      8.74770737E+00
    810000      1.25644169E+01     -2.49999478E-01      5.16701818E-01      4.82445412E+01      8.15560055E+00
    820000      1.24878044E+01     -2.49999538E-01      5.15996456E-01      5.52936363E+01      1.13077307E+01
    830000      1.26030769E+01     -2.49999493E-01      5.16498804E-01      5.61221848E+01      9.30041504E+00
    840000      1.24878044E+01     -2.49999449E-01      5.16473174E-01      5.09549484E+01      9.85776043E+00
    850000      1.24498482E+01     -2.49999449E-01      5.16247869E-01      4.83311691E+01      7.15028381E+00
    860000      1.24498482E+01     -2.49999464E-01      5.16665161E-01      5.07779541E+01      5.42901278E+00
    870000      1.25259943E+01     -2.49999464E-01      5.16411722E-01      5.18108978E+01      8.98430824E+00
    880000      1.25259943E+01     -2.49999449E-01      5.17067432E-01      4.95304947E+01      9.35206509E+00
    890000      1.24878044E+01     -2.49999464E-01      5.16512156E-01      4.93384132E+01      1.01859188E+01
    900000      1.26811142E+01     -2.49999434E-01      5.16096532E-01      4.60181999E+01      6.24721718E+00
    910000      1.25644169E+01     -2.49999493E-01      5.17067194E-01      4.88806000E+01      1.12890654E+01
    920000      1.24878044E+01     -2.49999478E-01      5.16008615E-01      4.41799507E+01      1.14765825E+01
    930000      1.24878044E+01     -2.49999478E-01      5.16396999E-01      4.76924820E+01      1.26486864E+01
    940000      1.25259943E+01     -2.49999449E-01      5.16311884E-01      4.64383011E+01      1.21813040E+01
    950000      1.27204971E+01     -2.49999478E-01      5.16620278E-01      4.64003830E+01      8.18166542E+00
    960000      1.26030769E+01     -2.49999493E-01      5.16532540E-01      4.75944557E+01      8.41071033E+00
    970000      1.26419754E+01     -2.49999508E-01      5.17082334E-01      5.06052361E+01      1.26580324E+01
    980000      1.26419754E+01     -2.49999464E-01      5.16854167E-01      5.02821541E+01      1.15599432E+01
    990000      1.26811142E+01     -2.49999434E-01      5.16494274E-01      5.11288643E+01      8.23666859E+00
   1000000      1.26030769E+01     -2.49999478E-01      5.16081452E-01      5.13828621E+01      9.86241627E+00
   1010000      1.26030769E+01     -2.49999449E-01      5.16714633E-01      4.96440926E+01      1.08385611E+01
   1020000      1.24878044E+01     -2.49999464E-01      5.16887665E-01      5.35238991E+01      1.20117292E+01
   1030000      1.24498482E+01     -2.49999478E-01      5.15970886E-01      5.10606918E+01      7.96905661E+00
   1040000      1.24878044E+01     -2.49999464E-01      5.16438842E-01      5.19828339E+01      7.73518610E+00
   1050000      1.25644169E+01     -2.49999478E-01      5.16331434E-01      4.78529091E+01      7.13848829E+00
   1060000      1.25259943E+01     -2.49999508E-01      5.15924931E-01      4.78971863E+01      7.01151371E+00
   1070000      1.24498482E+01     -2.49999493E-01      5.16684651E-01      4.67624626E+01      1.08651199E+01
   1080000      1.26030769E+01     -2.49999478E-01      5.16138494E-01      4.85621986E+01      9.94319153E+00
   1090000      1.26030769E+01     -2.49999478E-01      5.16938269E-01      5.19351692E+01      9.52400780E+00
   1100000      1.25259943E+01     -2.49999389E-01      5.15738487E-01      4.84738655E+01      1.17445459E+01
   1110000      1.25644169E+01     -2.49999523E-01      5.16551971E-01      5.03288040E+01      1.20629158E+01
   1120000      1.25259943E+01     -2.49999493E-01      5.15978873E-01      5.21346550E+01      1.01626387E+01
   1130000      1.26030769E+01     -2.49999464E-01      5.16247153E-01      5.25107460E+01      8.86850166E+00
   1140000      1.26030769E+01     -2.49999478E-01      5.16670167E-01      4.94017143E+01      1.00670958E+01
   1150000      1.25644169E+01     -2.49999478E-01      5.16506672E-01      4.84401169E+01      1.05535784E+01
   1160000      1.26030769E+01     -2.49999464E-01      5.16606092E-01      5.28122482E+01      8.73752689E+00
   1170000      1.24878044E+01     -2.49999359E-01      5.15884578E-01      4.57455482E+01      8.94547558E+00
   1180000      1.25644169E+01     -2.49999389E-01      5.16406596E-01      5.00726776E+01      1.13715296E+01
   1190000      1.26811142E+01     -2.49999449E-01      5.16407371E-01      5.25600548E+01      1.44437380E+01
   1200000      1.24498482E+01     -2.49999508E-01      5.16324937E-01      5.30493507E+01      1.12086859E+01
   1210000      1.26419754E+01     -2.49999419E-01      5.16843975E-01      5.19730225E+01      1.06559763E+01
   1220000      1.25259943E+01     -2.49999493E-01      5.16943097E-01      5.01915359E+01      1.09489765E+01
   1230000      1.25259943E+01     -2.49999478E-01      5.16099572E-01      4.68142967E+01      1.09629307E+01
   1240000      1.25259943E+01     -2.49999434E-01      5.16290665E-01      4.82699242E+01      1.05518274E+01
   1250000      1.25644169E+01     -2.49999508E-01      5.16701758E-01      4.59192886E+01      8.58229446E+00
   1260000      1.25644169E+01     -2.49999404E-01      5.16454041E-01      4.64512596E+01      1.00647669E+01
   1270000      1.25259943E+01     -2.49999449E-01      5.16116679E-01      4.80463638E+01      9.49420547E+00
   1280000      1.25644169E+01     -2.49999508E-01      5.16199350E-01      4.71092110E+01      1.06694298E+01
   1290000      1.24878044E+01     -2.49999478E-01      5.17204165E-01      4.60859070E+01      1.02347412E+01
   1300000      1.24121208E+01     -2.49999478E-01      5.16730070E-01      4.76167030E+01      1.19078465E+01
   1310000      1.24878044E+01     -2.49999478E-01      5.16370535E-01      4.65298462E+01      1.06914034E+01
   1320000      1.25259943E+01     -2.49999493E-01      5.16813457E-01      4.79056129E+01      1.20493469E+01
   1330000      1.26419754E+01     -2.49999493E-01      5.16646206E-01      4.35079613E+01      8.03457260E+00
   1340000      1.26811142E+01     -2.49999449E-01      5.16727746E-01      4.88766861E+01      9.77902889E+00
   1350000      1.26419754E+01     -2.49999493E-01      5.16151428E-01      4.59627533E+01      9.19372559E+00
   1360000      1.26419754E+01     -2.49999434E-01      5.16386986E-01      4.65207520E+01      1.08263893E+01
   1370000      1.25644169E+01     -2.49999464E-01      5.16092122E-01      4.87485619E+01      1.19724083E+01
   1380000      1.25259943E+01     -2.49999419E-01      5.16122043E-01      4.73472137E+01      9.80537987E+00
   1390000      1.24878044E+01     -2.49999493E-01      5.16232610E-01      4.65668983E+01      1.25006218E+01
   1400000      1.25259943E+01     -2.49999419E-01      5.17093837E-01      4.90697479E+01      1.29254456E+01
   1410000      1.25259943E+01     -2.49999478E-01      5.15919447E-01      4.74036293E+01      9.92898178E+00
   1420000      1.25644169E+01     -2.49999464E-01      5.16280353E-01      4.89603500E+01      1.00390615E+01
   1430000      1.24121208E+01     -2.49999449E-01      5.16640186E-01      4.89721222E+01      1.11318769E+01
   1440000      1.24878044E+01     -2.49999478E-01      5.16466975E-01      5.04728737E+01      1.18190794E+01
   1450000      1.24878044E+01     -2.49999449E-01      5.16092300E-01      4.89116135E+01      1.00479107E+01
   1460000      1.25644169E+01     -2.49999493E-01      5.15714765E-01      4.89735680E+01      1.04189825E+01
   1470000      1.24878044E+01     -2.49999508E-01      5.16247928E-01      5.20193787E+01      1.08278761E+01
   1480000      1.24878044E+01     -2.49999627E-01      5.16299844E-01      4.81951675E+01      9.79831791E+00
   1490000      1.24878044E+01     -2.49999464E-01      5.16397715E-01      4.72336464E+01      9.15690231E+00
   1500000      1.24498482E+01     -2.49999493E-01      5.16881943E-01      5.66869011E+01      9.55217361E+00
   1510000      1.23373489E+01     -2.49999404E-01      5.15942931E-01      5.12042122E+01      1.11406364E+01
   1520000      1.25259943E+01     -2.49999434E-01      5.16074896E-01      4.89014702E+01      9.98723221E+00
   1530000      1.24498482E+01     -2.49999434E-01      5.16445577E-01      4.78848610E+01      1.16694679E+01
   1540000      1.25259943E+01     -2.49999434E-01      5.16785800E-01      5.01681938E+01      1.17049150E+01
   1550000      1.24498482E+01     -2.49999449E-01      5.16912937E-01      4.33260651E+01      1.34328756E+01
   1560000      1.25259943E+01     -2.49999449E-01      5.16026318E-01      5.36261024E+01      1.19502525E+01
   1570000      1.25644169E+01     -2.49999464E-01      5.16459286E-01      5.44848328E+01      1.12232180E+01
   1580000      1.26030769E+01     -2.49999493E-01      5.16636610E-01      4.88489494E+01      1.16035376E+01
   1590000      1.25259943E+01     -2.49999493E-01      5.16195118E-01      4.92335854E+01      1.12605371E+01
   1600000      1.23746223E+01     -2.49999434E-01      5.16390383E-01      5.10694733E+01      1.07986898E+01
   1610000      1.25259943E+01     -2.49999419E-01      5.16061544E-01      5.31579628E+01      1.17157230E+01
   1620000      1.25644169E+01     -2.49999464E-01      5.16549706E-01      5.11794891E+01      1.13224545E+01
   1630000      1.24121208E+01     -2.49999478E-01      5.16063809E-01      5.05291290E+01      8.83270073E+00
   1640000      1.26030769E+01     -2.49999523E-01      5.16034484E-01      4.99330673E+01      1.03668280E+01
   1650000      1.25259943E+01     -2.49999464E-01      5.16412556E-01      5.41932373E+01      8.12882805E+00
   1660000      1.25259943E+01     -2.49999389E-01      5.16719282E-01      5.39176216E+01      1.06668901E+01
   1670000      1.25259943E+01     -2.49999478E-01      5.16736031E-01      4.54558258E+01      1.00121412E+01
   1680000      1.24878044E+01     -2.49999478E-01      5.16279280E-01      4.35719032E+01      1.21018429E+01
   1690000      1.24878044E+01     -2.49999449E-01      5.16547263E-01      4.45700378E+01      1.24759474E+01
   1700000      1.24878044E+01     -2.49999478E-01      5.15922189E-01      4.64023972E+01      1.25293531E+01
   1710000      1.26030769E+01     -2.49999464E-01      5.16717851E-01      4.97604446E+01      1.22578831E+01
   1720000      1.25259943E+01     -2.49999404E-01      5.16556561E-01      4.52524376E+01      9.71769905E+00
   1730000      1.25259943E+01     -2.49999464E-01      5.16565621E-01      4.85052299E+01      1.05369406E+01
   1740000      1.24498482E+01     -2.49999449E-01      5.16418278E-01      5.10282097E+01      1.18310661E+01
   1750000      1.24878044E+01     -2.49999493E-01      5.16706467E-01      4.90059395E+01      1.09141369E+01
   1760000      1.25644169E+01     -2.49999449E-01      5.16451538E-01      4.52759857E+01      1.15103703E+01
   1770000      1.25644169E+01     -2.49999449E-01      5.16242027E-01      4.73666458E+01      1.02106743E+01
   1780000      1.25644169E+01     -2.49999464E-01      5.16582549E-01      4.69822197E+01      1.12510347E+01
   1790000      1.26419754E+01     -2.49999404E-01      5.16527414E-01      4.66302338E+01      9.01621342E+00
   1800000      1.26419754E+01     -2.49999508E-01      5.16353428E-01      4.70921516E+01      7.95122623E+00
   1810000      1.25644169E+01     -2.49999508E-01      5.16784906E-01      4.79436874E+01      1.02377281E+01
   1820000      1.24498482E+01     -2.49999464E-01      5.16462266E-01      4.86721420E+01      9.80548763E+00
   1830000      1.24498482E+01     -2.49999464E-01      5.16154110E-01      4.74301300E+01      1.27610559E+01
   1840000      1.24121208E+01     -2.49999493E-01      5.15806615E-01      4.50034790E+01      1.03658028E+01
   1850000      1.24498482E+01     -2.49999478E-01      5.16580582E-01      5.02023659E+01      9.31369877E+00
   1860000      1.25259943E+01     -2.49999374E-01      5.16753316E-01      4.76275711E+01      8.91860962E+00
   1870000      1.26030769E+01     -2.49999493E-01      5.16367733E-01      4.97431221E+01      1.14691687E+01
   1880000      1.25259943E+01     -2.49999359E-01      5.16514957E-01      4.90724678E+01      1.16940546E+01
   1890000      1.24878044E+01     -2.49999389E-01      5.16598582E-01      5.16080322E+01      1.25853500E+01
   1900000      1.23373489E+01     -2.49999568E-01      5.16690016E-01      4.64051743E+01      1.04253597E+01
   1910000      1.24498482E+01     -2.49999434E-01      5.16196609E-01      5.06967964E+01      1.03614101E+01
   1920000      1.25259943E+01     -2.49999478E-01      5.16988516E-01      5.02038956E+01      1.18776960E+01
   1930000      1.26419754E+01     -2.49999523E-01      5.16408205E-01      4.94923668E+01      1.03368988E+01
   1940000      1.24878044E+01     -2.49999478E-01      5.16507149E-01      5.17371750E+01      1.16207466E+01
   1950000      1.24878044E+01     -2.49999404E-01      5.16659558E-01      5.25821228E+01      1.29363527E+01
   1960000      1.24498482E+01     -2.49999523E-01      5.16019702E-01      4.56081467E+01      1.13497076E+01
   1970000      1.24878044E+01     -2.49999508E-01      5.16451061E-01      4.83228645E+01      9.95133114E+00
   1980000      1.24121208E+01     -2.49999478E-01      5.16541004E-01      4.78037338E+01      1.04935036E+01
   1990000      1.25644169E+01     -2.49999449E-01      5.16199112E-01      5.24820900E+01      9.00026035E+00
   2000000      1.25644169E+01     -2.49999478E-01      5.16360581E-01      4.48295135E+01      9.33339214E+00
   2010000      1.25259943E+01     -2.49999493E-01      5.17301679E-01      4.65457191E+01      1.03611259E+01
   2020000      1.25644169E+01     -2.49999464E-01      5.16456723E-01      4.38946419E+01      1.09113245E+01
   2030000      1.25259943E+01     -2.49999419E-01      5.16731977E-01      4.90354347E+01      1.25501432E+01
   2040000      1.24878044E+01     -2.49999523E-01      5.16143084E-01      4.54853859E+01      1.32573071E+01
   2050000      1.25644169E+01     -2.49999404E-01      5.16269505E-01      4.98336601E+01      9.23304844E+00
   2060000      1.25259943E+01     -2.49999374E-01      5.16522229E-01      4.54829521E+01      1.18934793E+01
   2070000      1.25644169E+01     -2.49999434E-01      5.16014755E-01      4.65642662E+01      1.22666683E+01
   2080000      1.24498482E+01     -2.49999434E-01      5.16247153E-01      4.65528908E+01      1.05066786E+01
   2090000      1.26030769E+01     -2.49999478E-01      5.16785443E-01      4.64922218E+01      1.00885668E+01
   2100000      1.26811142E+01     -2.49999464E-01      5.16505539E-01      4.87618027E+01      7.87856531E+00
   2110000      1.26030769E+01     -2.49999434E-01      5.16442478E-01      4.86726723E+01      8.45861721E+00
   2120000      1.26030769E+01     -2.49999434E-01      5.16082466E-01      4.79255219E+01      8.31740665E+00
   2130000      1.24878044E+01     -2.49999464E-01      5.16697943E-01      4.77571716E+01      9.27771091E+00
   2140000      1.25644169E+01     -2.49999449E-01      5.16403496E-01      4.85828056E+01      1.06943321E+01
   2150000      1.25259943E+01     -2.49999419E-01      5.16670108E-01      4.67580185E+01      9.46245766E+00
   2160000      1.26419754E+01     -2.49999449E-01      5.16152382E-01      5.05345306E+01      1.25652008E+01
   2170000      1.26030769E+01     -2.49999419E-01      5.16243935E-01      4.88264999E+01      1.29925261E+01
   2180000      1.25259943E+01     -2.49999434E-01      5.16248226E-01      4.83788261E+01      1.28536797E+01
   2190000      1.25644169E+01     -2.49999449E-01      5.16834617E-01      5.12468872E+01      1.11719160E+01
   2200000      1.26030769E+01     -2.49999434E-01      5.16740143E-01      5.18806305E+01      9.74356270E+00
   2210000      1.25644169E+01     -2.49999449E-01      5.16594589E-01      4.78175964E+01      8.20005131E+00
   2220000      1.25644169E+01     -2.49999389E-01      5.16738355E-01      4.87866936E+01      1.19626341E+01
   2230000      1.26030769E+01     -2.49999508E-01      5.16596258E-01      4.71359596E+01      9.77245903E+00
   2240000      1.25259943E+01     -2.49999493E-01      5.16519725E-01      4.62551842E+01      9.93942165E+00
   2250000      1.26419754E+01     -2.49999434E-01      5.16579270E-01      5.15326118E+01      1.26061850E+01
   2260000      1.25259943E+01     -2.49999464E-01      5.15940487E-01      4.87525978E+01      1.34127560E+01
   2270000      1.25259943E+01     -2.49999359E-01      5.16981304E-01      5.15227356E+01      1.41564417E+01
   2280000      1.25644169E+01     -2.49999449E-01      5.16475379E-01      4.90722427E+01      1.05290136E+01
   2290000      1.25644169E+01     -2.49999493E-01      5.16623378E-01      4.82036285E+01      1.14516630E+01
   2300000      1.24878044E+01     -2.49999523E-01      5.16293764E-01      4.67242622E+01      1.13622112E+01
   2310000      1.24878044E+01     -2.49999493E-01      5.16455710E-01      5.13551407E+01      1.14967318E+01
   2320000      1.25644169E+01     -2.49999404E-01      5.16622901E-01      4.78909340E+01      1.22072086E+01
   2330000      1.25259943E+01     -2.49999523E-01      5.16105711E-01      4.88080711E+01      1.08086615E+01
   2340000      1.25259943E+01     -2.49999568E-01      5.16667902E-01      5.23540573E+01      1.08989000E+01
   2350000      1.24498482E+01     -2.49999449E-01      5.16238153E-01      4.90660362E+01      1.18556480E+01
   2360000      1.25644169E+01     -2.49999464E-01      5.16230404E-01      4.89510536E+01      1.13400345E+01
   2370000      1.24498482E+01     -2.49999464E-01      5.16193807E-01      4.77612076E+01      1.00754871E+01
   2380000      1.26030769E+01     -2.49999434E-01      5.16528845E-01      4.83772926E+01      1.23026104E+01
   2390000      1.25259943E+01     -2.49999449E-01      5.16600192E-01      4.88195877E+01      9.54609299E+00
   2400000      1.24878044E+01     -2.49999419E-01      5.16278744E-01      4.92686195E+01      1.36629896E+01
   2410000      1.24878044E+01     -2.49999523E-01      5.16642392E-01      5.22220573E+01      1.37772655E+01
   2420000      1.25644169E+01     -2.49999404E-01      5.16808152E-01      5.52343979E+01      1.43763771E+01
   2430000      1.25644169E+01     -2.49999449E-01      5.16544104E-01      4.74391479E+01      1.05386209E+01
   2440000      1.25644169E+01     -2.49999478E-01      5.16081095E-01      4.69975395E+01      1.12838459E+01
   2450000      1.26030769E+01     -2.49999568E-01      5.16607881E-01      4.75969543E+01      1.05828924E+01
   2460000      1.26030769E+01     -2.49999523E-01      5.16399264E-01      4.90969391E+01      1.13945980E+01
   2470000      1.27204971E+01     -2.49999478E-01      5.16568542E-01      4.27311096E+01      1.13795710E+01
   2480000      1.26030769E+01     -2.49999449E-01      5.16540527E-01      4.81541786E+01      1.32535381E+01
   2490000      1.26419754E+01     -2.49999478E-01      5.16815722E-01      4.57607841E+01      1.13639746E+01
   2500000      1.25644169E+01     -2.49999478E-01      5.16694546E-01      4.47980995E+01      1.28931055E+01
   2510000      1.25259943E+01     -2.49999434E-01      5.16576052E-01      4.92801247E+01      1.08752756E+01
   2520000      1.26030769E+01     -2.49999493E-01      5.16409755E-01      5.08295555E+01      1.10126133E+01
   2530000      1.24878044E+01     -2.49999449E-01      5.16625881E-01      4.74890862E+01      1.06676960E+01
   2540000      1.24878044E+01     -2.49999449E-01      5.16776443E-01      4.81815453E+01      1.10860605E+01
   2550000      1.25644169E+01     -2.49999404E-01      5.16193569E-01      4.99959450E+01      1.28231049E+01
   2560000      1.25259943E+01     -2.49999404E-01      5.16703725E-01      4.73351707E+01      1.06401110E+01
   2570000      1.24878044E+01     -2.49999419E-01      5.16672432E-01      4.88954926E+01      1.19236517E+01
   2580000      1.25644169E+01     -2.49999344E-01      5.16350508E-01      4.90650406E+01      1.15648470E+01
   2590000      1.25259943E+01     -2.49999508E-01      5.16145706E-01      4.86535301E+01      1.17564840E+01
   2600000      1.24878044E+01     -2.49999508E-01      5.16623080E-01      4.70616417E+01      1.24394474E+01
   2610000      1.26030769E+01     -2.49999464E-01      5.16416252E-01      4.64944115E+01      1.12877436E+01
   2620000      1.25259943E+01     -2.49999404E-01      5.16387880E-01      4.70052490E+01      1.06369047E+01
   2630000      1.25644169E+01     -2.49999449E-01      5.16369104E-01      5.00844002E+01      1.14227791E+01
   2640000      1.24878044E+01     -2.49999478E-01      5.16737700E-01      5.04111900E+01      1.27487507E+01
   2650000      1.26030769E+01     -2.49999464E-01      5.16595364E-01      5.20263443E+01      1.16700077E+01
   2660000      1.24498482E+01     -2.49999508E-01      5.16404688E-01      5.07264633E+01      1.19676275E+01
   2670000      1.24878044E+01     -2.49999374E-01      5.16178370E-01      5.00811996E+01      9.26721478E+00
   2680000      1.25259943E+01     -2.49999404E-01      5.16738296E-01      5.38738403E+01      9.91367245E+00
   2690000      1.25644169E+01     -2.49999344E-01      5.16919076E-01      5.09172974E+01      8.44598675E+00
   2700000      1.26419754E+01     -2.49999419E-01      5.16466558E-01      5.14475708E+01      7.58477592E+00
   2710000      1.26030769E+01     -2.49999493E-01      5.16352475E-01      4.82674561E+01      1.17647505E+01
   2720000      1.24498482E+01     -2.49999464E-01      5.15709460E-01      4.88617249E+01      1.02676382E+01
   2730000      1.25259943E+01     -2.49999404E-01      5.17018676E-01      4.63160324E+01      1.22081289E+01
   2740000      1.24878044E+01     -2.49999434E-01      5.16125202E-01      4.74146118E+01      1.17310019E+01
   2750000      1.25644169E+01     -2.49999508E-01      5.16668499E-01      5.08837738E+01      9.80675507E+00
   2760000      1.24121208E+01     -2.49999493E-01      5.16364455E-01      4.89141197E+01      1.19087820E+01
   2770000      1.26030769E+01     -2.49999389E-01      5.16390741E-01      4.55635490E+01      1.09975128E+01
   2780000      1.24878044E+01     -2.49999419E-01      5.16717672E-01      4.71500282E+01      9.53286743E+00
   2790000      1.24498482E+01     -2.49999464E-01      5.16162276E-01      4.80202904E+01      1.13122768E+01
   2800000      1.25259943E+01     -2.49999404E-01      5.16172647E-01      4.89820595E+01      1.00788546E+01
   2810000      1.24121208E+01     -2.49999434E-01      5.16791940E-01      4.52983360E+01      7.68395424E+00
   2820000      1.24878044E+01     -2.49999449E-01      5.16113460E-01      5.17111702E+01      8.59101772E+00
   2830000      1.24498482E+01     -2.49999523E-01      5.16523421E-01      4.59247894E+01      9.89122295E+00
   2840000      1.25259943E+01     -2.49999508E-01      5.15923262E-01      4.75707359E+01      1.10750303E+01
   2850000      1.25644169E+01     -2.49999478E-01      5.16464949E-01      4.88640862E+01      1.25323763E+01
   2860000      1.24878044E+01     -2.49999508E-01      5.16259432E-01      4.79200172E+01      1.01547146E+01
   2870000      1.24878044E+01     -2.49999434E-01      5.17048061E-01      5.09298820E+01      9.79425812E+00
   2880000      1.26030769E+01     -2.49999538E-01      5.16891837E-01      4.89262924E+01      1.25566616E+01
   2890000      1.26419754E+01     -2.49999508E-01      5.16571343E-01      4.21847153E+01      9.46606350E+00
   2900000      1.25644169E+01     -2.49999508E-01      5.16469479E-01      5.34042435E+01      9.60738850E+00
   2910000      1.25259943E+01     -2.49999478E-01      5.16576767E-01      4.25639114E+01      8.14975262E+00
   2920000      1.25259943E+01     -2.49999538E-01      5.16410410E-01      4.83542595E+01      1.12027559E+01
   2930000      1.26030769E+01     -2.49999523E-01      5.16702175E-01      5.11249352E+01      9.79676628E+00
   2940000      1.24878044E+01     -2.49999523E-01      5.16252220E-01      5.34335899E+01      1.14792852E+01
   2950000      1.24878044E+01     -2.49999493E-01      5.16151786E-01      4.85015335E+01      9.37382889E+00
   2960000      1.25259943E+01     -2.49999464E-01      5.16824603E-01      4.56563301E+01      8.97542667E+00
   2970000      1.23373489E+01     -2.49999478E-01      5.16109407E-01      4.77105103E+01      9.38292885E+00
   2980000      1.24498482E+01     -2.49999404E-01      5.16196787E-01      4.90645027E+01      1.07149992E+01
   2990000      1.25259943E+01     -2.49999493E-01      5.16107738E-01      4.53576622E+01      1.16020613E+01
   3000000      1.23746223E+01     -2.49999508E-01      5.15687585E-01      4.81793289E+01      1.20093117E+01
   3010000      1.24498482E+01     -2.49999493E-01      5.16714215E-01      5.01459808E+01      1.20514488E+01
   3020000      1.25259943E+01     -2.49999478E-01      5.16315520E-01      4.83074913E+01      1.17143860E+01
   3030000      1.24878044E+01     -2.49999508E-01      5.15826046E-01      4.55313339E+01      8.92633915E+00
   3040000      1.25644169E+01     -2.49999404E-01      5.16743660E-01      4.60460281E+01      1.07101755E+01
   3050000      1.26419754E+01     -2.49999478E-01      5.16796112E-01      4.82568321E+01      1.20421247E+01
   3060000      1.25259943E+01     -2.49999538E-01      5.16244352E-01      4.79452095E+01      9.92822933E+00
   3070000      1.24878044E+01     -2.49999434E-01      5.17046928E-01      4.26491890E+01      1.04218292E+01
   3080000      1.24878044E+01     -2.49999478E-01      5.16614914E-01      4.96502266E+01      1.24329557E+01
   3090000      1.25644169E+01     -2.49999464E-01      5.16560256E-01      4.05692329E+01      1.13726349E+01
   3100000      1.26030769E+01     -2.49999493E-01      5.16482830E-01      4.58353539E+01      9.88294983E+00
   3110000      1.25644169E+01     -2.49999523E-01      5.16009867E-01      3.71431122E+01      9.37327290E+00
   3120000      1.25644169E+01     -2.49999553E-01      5.16223788E-01      4.26687698E+01      1.18868074E+01
